movieid|average_rank|frequency|imdb_rating|imdb_votes|rank_of_average_rank|rank_of_frequency|rank_of_imdb_rating|rank_of_imdb_votes|bucket_rank
1|9.384615384615385|13.0|6.3|16304.0|431.0|397.0|325.5|356.0|10.0
2|4.329896907216495|97.0|7.8|167530.0|90.0|125.0|112.5|117.0|2.0
3|4.703007518796992|266.0|8.1|311692.0|119.0|25.0|85.0|45.0|3.0
4|6.068181818181818|44.0|6.5|52076.0|260.0|245.0|295.5|253.0|6.0
5|5.676056338028169|142.0|5.4|70851.0|213.0|80.5|407.5|211.0|5.0
6|7.4375|16.0|6.8|47828.0|361.0|374.0|246.5|262.0|8.0
7|7.435897435897436|39.0|4.8|12332.0|360.0|261.5|434.0|370.0|8.0
8|3.8255813953488373|86.0|7.5|137746.0|45.0|138.5|155.5|140.0|1.0
9|7.346153846153846|26.0|7.4|41142.0|353.0|309.0|166.5|278.0|8.0
10|11.444444444444445|9.0|8.5|85342.0|451.0|422.0|25.5|191.0|10.0
11|8.0|11.0|7.0|68542.0|386.0|407.5|222.0|218.0|9.0
12|11.529411764705882|17.0|4.1|13119.0|452.0|368.0|451.5|368.0|10.0
13|7.035398230088496|113.0|7.0|167225.0|335.0|107.0|222.0|118.0|8.0
14|9.0|4.0|5.6|5879.0|417.5|458.5|395.5|406.0|9.0
15|7.0|6.0|4.2|2252.0|334.0|445.5|449.0|437.0|8.0
16|8.521739130434783|23.0|6.6|28744.0|402.0|328.5|276.5|314.0|9.0
17|12.555555555555555|9.0|7.6|25832.0|458.0|422.0|141.0|323.0|10.0
18|6.126315789473685|95.0|5.4|100746.0|265.0|128.5|407.5|174.0|6.0
19|8.692307692307692|13.0|7.4|10789.0|406.0|397.0|166.5|375.0|9.0
20|3.880281690140845|142.0|8.5|331868.0|50.0|80.5|25.5|40.0|2.0
21|14.0|8.0|2.2|73.0|464.5|430.5|471.0|467.5|10.0
22|6.56858407079646|452.0|8.5|300352.0|303.0|2.0|25.5|49.0|7.0
23|8.909090909090908|11.0|5.6|6573.0|414.0|407.5|395.5|399.0|9.0
24|5.618181818181818|55.0|5.2|36700.0|206.0|207.5|415.0|295.0|5.0
25|8.73076923076923|26.0|6.2|16345.0|408.0|309.0|339.0|355.0|9.0
26|4.8478260869565215|92.0|7.8|224391.0|135.0|131.0|112.5|81.0|3.0
27|3.1714285714285713|35.0|7.5|33531.0|20.0|277.5|155.5|301.0|1.0
28|5.96|25.0|4.2|4775.0|248.0|313.5|449.0|414.0|6.0
29|6.733333333333333|45.0|7.1|39915.0|320.5|240.5|206.0|285.0|7.0
30|6.1395348837209305|43.0|6.6|132313.0|267.0|249.5|276.5|147.0|6.0
31|5.204545454545454|44.0|5.4|13759.0|177.0|245.0|407.5|364.0|4.0
32|5.43298969072165|97.0|8.2|116913.0|196.0|125.0|65.0|158.0|5.0
33|4.853658536585366|41.0|6.7|74961.0|137.0|254.0|261.0|204.0|3.0
34|10.2|5.0|2.8|33.0|442.0|452.5|468.0|471.0|10.0
35|4.304878048780488|82.0|7.8|168849.0|86.0|150.5|112.5|114.0|2.0
36|3.219178082191781|73.0|7.5|143517.0|21.0|170.0|155.5|131.0|1.0
37|5.7272727272727275|88.0|4.3|15101.0|218.0|136.0|446.0|359.0|5.0
38|3.787878787878788|33.0|7.8|133808.0|43.0|283.5|112.5|144.0|1.0
39|5.137931034482759|29.0|6.6|56630.0|170.0|292.5|276.5|240.0|4.0
40|5.3428571428571425|35.0|6.6|75256.0|187.0|277.5|276.5|201.0|4.0
41|3.902857142857143|350.0|8.0|569577.0|53.0|10.0|97.5|8.0|2.0
42|5.945945945945946|37.0|6.6|42926.0|247.0|267.5|276.5|275.0|6.0
43|8.352941176470589|17.0|5.6|6851.0|395.0|368.0|395.5|396.0|9.0
44|6.695652173913044|23.0|5.6|20859.0|314.0|328.5|395.5|337.0|7.0
45|9.3|10.0|7.7|59461.0|428.0|413.5|124.5|236.0|10.0
46|3.8855421686746987|332.0|8.3|555722.0|51.0|13.0|48.0|9.0|2.0
47|7.35|20.0|6.0|48584.0|354.0|345.0|362.0|260.0|8.0
48|4.958333333333333|24.0|7.0|2961.0|141.0|321.5|222.0|430.0|3.0
49|8.480519480519481|77.0|8.1|98657.0|400.0|163.0|85.0|177.0|9.0
50|4.846153846153846|13.0|6.2|16477.0|134.0|397.0|339.0|353.0|3.0
51|8.235294117647058|34.0|6.5|18548.0|392.0|281.0|295.5|348.0|9.0
52|8.75|12.0|7.1|6491.0|410.0|403.5|206.0|400.0|9.0
53|4.534351145038168|131.0|7.7|191701.0|104.0|94.5|124.5|98.0|3.0
54|9.625|24.0|6.5|28526.0|436.0|321.5|295.5|315.0|10.0
55|5.24375|160.0|8.1|343313.0|181.0|60.5|85.0|37.0|4.0
56|3.28125|96.0|8.3|302995.0|24.0|127.0|48.0|48.0|1.0
57|4.875|8.0|7.7|47099.0|138.0|430.5|124.5|263.0|3.0
58|8.0|18.0|6.3|25491.0|386.0|359.5|325.5|324.0|9.0
59|10.954545454545455|22.0|5.5|6700.0|448.0|333.0|401.5|398.0|10.0
60|6.837837837837838|37.0|7.1|117724.0|326.0|267.5|206.0|157.0|7.0
61|4.818181818181818|33.0|7.1|52640.0|133.0|283.5|206.0|251.0|3.0
62|8.714285714285714|7.0|5.7|4385.0|407.0|438.0|389.0|418.0|9.0
63|4.237179487179487|312.0|8.4|445466.0|79.0|16.0|37.5|19.0|2.0
64|8.357142857142858|14.0|4.3|1975.0|396.0|388.0|446.0|439.0|9.0
65|8.866666666666667|15.0|6.8|41892.0|412.0|380.5|246.5|276.0|9.0
66|6.166666666666667|6.0|6.6|5627.0|271.0|445.5|276.5|408.0|6.0
67|6.115384615384615|26.0|7.0|169646.0|262.0|309.0|222.0|113.0|6.0
68|6.8|35.0|7.3|88385.0|323.0|277.5|180.0|187.0|7.0
69|3.0930232558139537|129.0|6.8|223930.0|15.0|99.5|246.5|82.0|1.0
70|6.431506849315069|146.0|8.2|199729.0|289.0|75.5|65.0|94.0|7.0
71|4.680555555555555|144.0|7.9|281943.0|117.0|78.0|105.0|57.0|3.0
72|5.733333333333333|30.0|4.9|5748.0|220.0|289.5|428.5|407.0|5.0
73|6.066666666666666|15.0|5.1|32354.0|259.0|380.5|419.5|304.0|6.0
74|4.725|40.0|7.8|141411.0|123.0|257.5|112.5|135.0|3.0
75|5.91044776119403|67.0|8.4|136155.0|245.0|181.5|37.5|142.0|6.0
76|3.9722222222222223|36.0|7.9|106368.0|56.0|273.0|105.0|167.0|2.0
77|6.822222222222222|45.0|8.6|57282.0|324.0|240.5|15.5|239.0|7.0
78|5.487179487179487|39.0|6.6|31393.0|202.0|261.5|276.5|310.0|5.0
79|11.8|10.0|7.6|39529.0|455.0|413.5|141.0|286.0|10.0
80|3.980769230769231|52.0|6.7|127118.0|58.0|216.0|261.0|149.0|2.0
81|7.170212765957447|47.0|5.1|24403.0|348.0|232.5|419.5|327.0|8.0
82|7.857142857142857|21.0|4.1|2550.0|378.0|338.5|451.5|434.0|8.0
83|3.43801652892562|121.0|7.9|271987.0|30.0|104.0|105.0|64.0|1.0
84|7.857142857142857|14.0|5.2|730.0|378.0|388.0|415.0|453.0|8.0
85|6.714285714285714|28.0|3.0|27898.0|316.0|297.0|467.0|318.0|7.0
86|7.538461538461538|13.0|4.9|20447.0|366.5|397.0|428.5|338.0|8.0
87|6.545454545454546|11.0|5.6|2482.0|300.0|407.5|395.5|435.0|7.0
88|7.8|150.0|8.4|109986.0|374.0|71.5|37.5|166.0|8.0
89|11.75|4.0|4.8|128.0|454.0|458.5|434.0|465.0|10.0
90|7.88|25.0|7.3|19880.0|380.0|313.5|180.0|340.0|9.0
91|9.125|16.0|4.4|3061.0|424.0|374.0|442.5|429.0|9.0
92|6.297297297297297|37.0|6.4|112258.0|279.0|267.5|310.5|163.0|6.0
93|6.638297872340425|47.0|8.2|59681.0|307.0|232.5|65.0|234.0|7.0
94|5.118367346938776|245.0|8.5|372568.0|166.0|27.0|25.5|31.0|4.0
95|7.45|20.0|6.0|12949.0|363.0|345.0|362.0|369.0|8.0
96|6.646464646464646|99.0|8.3|155643.0|308.0|121.0|48.0|124.0|7.0
97|7.4|10.0|6.7|11540.0|358.0|413.5|261.0|371.0|8.0
98|3.5535714285714284|56.0|7.7|138305.0|34.0|206.0|124.5|139.0|1.0
99|8.875|8.0|5.8|3502.0|413.0|430.5|383.5|426.0|9.0
100|6.6875|64.0|6.6|55002.0|312.0|187.0|276.5|245.0|7.0
101|7.571428571428571|28.0|6.0|27938.0|368.0|297.0|362.0|317.0|8.0
102|8.588235294117647|17.0|8.0|37116.0|404.0|368.0|97.5|294.0|9.0
103|6.655172413793103|58.0|7.7|60061.0|309.0|205.0|124.5|233.0|7.0
104|5.7368421052631575|19.0|6.7|11016.0|221.0|351.5|261.0|374.0|5.0
105|4.761904761904762|63.0|7.2|93824.0|128.0|189.5|193.5|181.0|3.0
106|7.857142857142857|14.0|6.1|4696.0|378.0|388.0|350.0|415.0|8.0
107|5.340836012861736|311.0|8.4|403358.0|186.0|17.0|37.5|26.0|4.0
108|6.3|40.0|6.8|56138.0|280.0|257.5|246.5|242.0|6.0
109|6.125|24.0|5.0|22256.0|264.0|321.5|423.5|334.0|6.0
110|6.444444444444445|9.0|5.5|10145.0|291.0|422.0|401.5|379.0|7.0
111|7.041666666666667|24.0|6.4|34077.0|337.0|321.5|310.5|299.0|8.0
112|5.65|140.0|8.2|264102.0|209.0|83.5|65.0|65.0|5.0
113|7.352941176470588|17.0|5.4|787.0|355.0|368.0|407.5|452.0|8.0
114|4.020408163265306|49.0|7.3|174063.0|61.0|225.5|180.0|110.0|2.0
115|5.081632653061225|49.0|5.8|53772.0|159.0|225.5|383.5|246.0|4.0
116|5.466666666666667|330.0|8.1|370576.0|201.0|14.0|85.0|32.0|5.0
117|4.678571428571429|28.0|7.1|74125.0|116.0|297.0|206.0|207.0|3.0
118|3.130952380952381|84.0|7.1|93762.0|16.0|143.0|206.0|182.0|1.0
119|7.164383561643835|73.0|6.4|70080.0|346.0|170.0|310.5|214.0|8.0
120|0.0|0.0|5.6|4071.0|1.0|471.0|395.5|422.0|0.0
121|5.105263157894737|19.0|7.7|66812.0|163.0|351.5|124.5|221.0|4.0
122|6.25|4.0|4.7|7562.0|275.0|458.5|437.0|390.0|6.0
123|7.08080808080808|99.0|5.7|43434.0|340.0|121.0|389.0|274.0|8.0
124|3.9696969696969697|66.0|7.5|204034.0|55.0|183.5|155.5|93.0|2.0
125|6.2682926829268295|82.0|6.8|75242.0|276.0|150.5|246.5|202.0|6.0
126|7.933333333333334|15.0|7.0|50299.0|383.0|380.5|222.0|256.0|9.0
127|4.729508196721311|122.0|5.2|121751.0|124.0|103.0|415.0|151.0|3.0
128|3.7735849056603774|159.0|8.5|550361.0|42.0|63.0|25.5|10.0|1.0
129|4.75|16.0|4.6|4493.0|125.5|374.0|439.0|417.0|3.0
130|4.534031413612565|191.0|8.8|428549.0|103.0|43.0|6.0|23.0|3.0
131|5.081545064377682|233.0|8.2|332195.0|158.0|30.0|65.0|39.0|4.0
132|7.5|10.0|6.8|1079.0|364.5|413.5|246.5|449.0|8.0
133|4.257627118644068|295.0|8.1|260619.0|82.0|20.0|85.0|67.0|2.0
134|9.055555555555555|18.0|5.9|6771.0|421.5|359.5|373.5|397.0|9.0
135|13.0|3.0|6.3|2307.0|460.5|464.0|325.5|436.0|10.0
136|5.022222222222222|135.0|6.6|143445.0|147.0|90.0|276.5|132.0|4.0
137|8.379310344827585|29.0|3.8|808.0|397.0|292.5|456.0|451.0|9.0
138|4.168224299065421|214.0|6.5|85358.0|73.0|36.0|295.5|190.0|2.0
139|3.161290322580645|155.0|7.5|238875.0|19.0|66.0|155.5|73.0|1.0
140|3.5875|80.0|7.3|273961.0|36.0|157.5|180.0|61.0|1.0
141|6.722222222222222|18.0|5.9|52866.0|317.5|359.5|373.5|248.0|7.0
142|5.75|8.0|6.7|7818.0|224.0|430.5|261.0|387.0|5.0
143|7.035714285714286|28.0|6.5|61290.0|336.0|297.0|295.5|230.0|8.0
144|6.407407407407407|27.0|6.6|50084.0|288.0|303.5|276.5|257.0|7.0
145|7.538461538461538|13.0|5.7|52724.0|366.5|397.0|389.0|249.0|8.0
146|6.4520547945205475|73.0|3.1|5986.0|293.0|170.0|466.0|405.0|7.0
147|7.361538461538461|130.0|6.4|119556.0|356.0|97.0|310.5|155.0|8.0
148|5.865248226950355|282.0|8.2|167662.0|240.0|23.0|65.0|116.0|6.0
149|5.3375|80.0|5.8|85375.0|185.0|157.5|383.5|189.0|4.0
150|6.153061224489796|196.0|8.2|221676.0|269.0|39.0|65.0|87.0|6.0
151|6.276422764227642|123.0|8.1|110138.0|277.0|102.0|85.0|165.0|6.0
152|5.325581395348837|43.0|7.6|158335.0|184.0|249.5|141.0|123.0|4.0
153|4.4|40.0|7.8|38176.0|93.0|257.5|112.5|289.0|2.0
154|4.782051282051282|78.0|7.0|231415.0|131.0|161.5|222.0|77.0|3.0
155|4.624277456647399|173.0|6.8|112806.0|111.0|52.0|246.5|162.0|3.0
156|4.546666666666667|150.0|5.6|26828.0|106.0|71.5|395.5|320.0|3.0
157|15.666666666666666|3.0|6.9|1506.0|470.0|464.0|234.0|446.0|10.0
158|9.227272727272727|22.0|6.0|14175.0|427.0|333.0|362.0|363.0|10.0
159|7.888888888888889|18.0|6.1|9216.0|381.0|359.5|350.0|382.0|9.0
160|9.3125|16.0|6.7|583.0|429.0|374.0|261.0|458.0|10.0
161|3.239130434782609|414.0|8.8|779255.0|22.0|5.0|6.0|2.0|1.0
162|7.378571428571429|140.0|6.3|223247.0|357.0|83.5|325.5|83.0|8.0
163|5.774881516587678|422.0|8.3|309992.0|228.0|3.0|48.0|46.0|5.0
164|5.721311475409836|61.0|8.3|465222.0|216.0|194.5|48.0|17.0|5.0
165|13.5|2.0|7.0|499.0|462.0|468.0|222.0|460.0|10.0
166|3.5238095238095237|42.0|7.7|183148.0|32.0|252.0|124.5|106.0|1.0
167|6.444444444444445|54.0|8.2|236949.0|291.0|210.5|65.0|74.0|7.0
168|6.526315789473684|19.0|6.3|56030.0|298.0|351.5|325.5|243.0|7.0
169|4.666666666666667|36.0|7.3|80765.0|114.0|273.0|180.0|195.0|3.0
170|2.840909090909091|88.0|7.9|391609.0|8.0|136.0|105.0|29.0|1.0
171|3.6358024691358026|162.0|7.1|275162.0|38.0|57.0|206.0|60.0|1.0
172|3.076923076923077|130.0|7.6|187059.0|14.0|97.0|141.0|101.0|1.0
173|5.05|40.0|6.6|64165.0|154.0|257.5|276.5|225.0|4.0
174|5.856801909307876|419.0|8.2|245907.0|239.0|4.0|65.0|71.0|6.0
175|6.573770491803279|61.0|6.1|40729.0|305.0|194.5|350.0|279.0|7.0
176|3.630434782608696|46.0|8.0|83122.0|37.0|237.0|97.5|193.0|1.0
177|6.388888888888889|36.0|5.9|14658.0|286.0|273.0|373.5|361.0|7.0
178|9.055555555555555|36.0|4.2|249.0|421.5|273.0|449.0|463.0|9.0
179|7.108108108108108|37.0|6.6|139765.0|344.0|267.5|276.5|137.0|8.0
180|6.903225806451613|31.0|4.6|31986.0|329.0|286.5|439.0|306.0|7.0
181|5.8|20.0|3.7|1502.0|232.0|345.0|459.0|447.0|5.0
182|4.312925170068027|147.0|8.0|311906.0|88.0|74.0|97.5|44.0|2.0
183|6.205128205128205|39.0|6.7|57571.0|274.0|261.5|261.0|238.0|6.0
184|7.054054054054054|37.0|6.5|36223.0|338.0|267.5|295.5|296.0|8.0
185|10.666666666666666|6.0|6.9|3769.0|444.0|445.5|234.0|425.0|10.0
186|5.0638297872340425|141.0|8.2|439706.0|155.0|82.0|65.0|22.0|4.0
187|5.374045801526718|131.0|7.3|226857.0|190.0|94.5|180.0|79.0|5.0
188|5.440993788819876|161.0|7.1|144878.0|197.0|58.5|206.0|129.0|5.0
189|11.0|7.0|6.9|16407.0|449.5|438.0|234.0|354.0|10.0
190|4.848484848484849|231.0|7.3|98267.0|136.0|31.0|180.0|179.0|3.0
191|7.192771084337349|83.0|8.4|273858.0|349.0|146.0|37.5|62.0|8.0
192|4.953703703703703|108.0|8.4|121383.0|140.0|114.0|37.5|152.0|3.0
193|5.041666666666667|24.0|6.3|31402.0|151.0|321.5|325.5|309.0|4.0
194|3.1384615384615384|65.0|7.9|100585.0|18.0|185.5|105.0|175.0|1.0
195|5.782608695652174|69.0|8.5|217255.0|229.0|177.0|25.5|88.0|5.0
196|5.830188679245283|159.0|8.1|205795.0|236.0|63.0|85.0|91.0|5.0
197|14.625|8.0|2.5|73.0|466.0|430.5|470.0|467.5|10.0
198|4.082758620689655|290.0|7.5|104622.0|67.0|21.0|155.5|171.0|2.0
199|5.0|12.0|6.0|1569.0|144.0|403.5|362.0|444.0|4.0
200|12.0|4.0|7.0|1963.0|457.0|458.5|222.0|440.0|10.0
201|4.26984126984127|63.0|7.6|231337.0|85.0|189.5|141.0|78.0|2.0
202|2.877551020408163|98.0|7.7|185631.0|9.0|123.0|124.5|102.0|1.0
203|6.846153846153846|26.0|6.7|4886.0|327.0|309.0|261.0|413.0|7.0
204|4.658536585365853|82.0|3.6|7727.0|113.0|150.5|461.5|388.0|3.0
205|5.081081081081081|37.0|6.1|52707.0|157.0|267.5|350.0|250.0|4.0
206|5.730769230769231|26.0|6.3|41354.0|219.0|309.0|325.5|277.0|5.0
207|7.214285714285714|28.0|6.6|76523.0|350.5|297.0|276.5|198.0|8.0
208|3.25|20.0|7.1|53259.0|23.0|345.0|206.0|247.0|1.0
209|15.0|9.0|8.1|61264.0|468.0|422.0|85.0|231.0|10.0
210|4.708333333333333|24.0|7.3|78976.0|120.0|321.5|180.0|197.0|3.0
211|7.148148148148148|27.0|3.4|14527.0|345.0|303.5|463.5|362.0|8.0
212|9.0|15.0|7.5|47067.0|417.5|380.5|155.5|264.0|9.0
213|4.0|166.0|6.3|145424.0|59.0|54.0|325.5|128.0|2.0
214|5.2|60.0|6.5|24437.0|176.0|197.5|295.5|326.0|4.0
215|8.0|9.0|7.9|74730.0|386.0|422.0|105.0|205.0|9.0
216|6.188118811881188|404.0|8.1|279877.0|272.0|6.0|85.0|58.0|6.0
217|6.968253968253968|63.0|7.7|261649.0|332.0|189.5|124.5|66.0|8.0
218|15.0|5.0|4.9|1566.0|468.0|452.5|428.5|445.0|10.0
219|4.25|20.0|7.8|120262.0|81.0|345.0|112.5|153.0|2.0
220|6.0|55.0|7.6|132612.0|253.0|207.5|141.0|146.0|6.0
221|5.3977272727272725|88.0|5.4|33595.0|192.0|136.0|407.5|300.0|5.0
222|5.833333333333333|48.0|8.2|79232.0|237.0|229.0|65.0|196.0|6.0
223|3.574074074074074|108.0|8.0|235532.0|35.0|114.0|97.5|75.0|1.0
224|4.816326530612245|49.0|6.9|23888.0|132.0|225.5|234.0|329.0|3.0
225|3.466666666666667|60.0|7.2|119904.0|31.0|197.5|193.5|154.0|1.0
226|9.761904761904763|21.0|7.0|18636.0|438.0|338.5|222.0|346.0|10.0
227|9.5|14.0|6.5|9455.0|433.5|388.0|295.5|381.0|10.0
228|9.0|14.0|6.3|7956.0|417.5|388.0|325.5|384.0|9.0
229|6.361702127659575|47.0|6.0|20137.0|285.0|232.5|362.0|339.0|7.0
230|4.88|25.0|7.0|18830.0|139.0|313.5|222.0|345.0|3.0
231|4.697916666666667|288.0|8.2|368090.0|118.0|22.0|65.0|33.0|3.0
232|5.503311258278146|151.0|8.5|143783.0|203.0|69.5|25.5|130.0|5.0
233|3.675675675675676|111.0|7.8|153208.0|39.0|110.5|112.5|126.0|1.0
234|2.433333333333333|90.0|7.7|253856.0|3.0|133.5|124.5|69.0|1.0
235|4.321428571428571|84.0|6.8|163444.0|89.0|143.0|246.5|119.0|2.0
236|3.327683615819209|177.0|6.3|181569.0|27.0|51.0|325.5|107.0|1.0
237|5.185185185185185|27.0|7.0|29414.0|175.0|303.5|222.0|312.0|4.0
238|9.375|24.0|8.7|135522.0|430.0|321.5|10.0|143.0|10.0
239|6.673913043478261|46.0|5.1|22544.0|310.0|237.0|419.5|332.0|7.0
240|5.7611940298507465|67.0|4.9|3470.0|225.0|181.5|428.5|427.0|5.0
241|5.425531914893617|47.0|7.0|55284.0|195.0|232.5|222.0|244.0|5.0
242|4.714285714285714|49.0|6.6|70139.0|122.0|225.5|276.5|213.0|3.0
243|6.333333333333333|3.0|3.8|54.0|283.0|464.0|456.0|470.0|6.0
244|4.533333333333333|105.0|8.3|288599.0|102.0|116.0|48.0|55.0|3.0
245|6.516129032258065|31.0|6.8|26874.0|297.0|286.5|246.5|319.0|7.0
246|5.4|20.0|6.1|31457.0|193.0|345.0|350.0|308.0|5.0
247|7.166666666666667|6.0|6.5|5323.0|347.0|445.5|295.5|409.0|8.0
248|6.3076923076923075|13.0|3.8|833.0|281.0|397.0|456.0|450.0|6.0
249|10.625|8.0|3.6|629.0|443.0|430.5|461.5|457.0|10.0
250|9.857142857142858|21.0|3.4|4380.0|439.0|338.5|463.5|419.0|10.0
251|6.56|50.0|6.1|28472.0|301.0|221.0|350.0|316.0|7.0
252|2.980392156862745|51.0|8.2|187161.0|11.0|218.5|65.0|99.0|1.0
253|5.442105263157894|95.0|7.0|67870.0|198.0|128.5|222.0|219.0|5.0
254|5.033333333333333|60.0|7.2|276084.0|149.0|197.5|193.5|59.0|4.0
255|5.0311111111111115|225.0|8.6|249801.0|148.0|32.0|15.5|70.0|4.0
256|3.5526315789473686|190.0|6.7|207588.0|33.0|44.0|261.0|89.0|1.0
257|9.071428571428571|14.0|6.4|6887.0|423.0|388.0|310.5|395.0|9.0
258|5.976470588235294|85.0|8.3|149374.0|249.0|140.5|48.0|127.0|6.0
259|6.151515151515151|66.0|8.7|405419.0|268.0|183.5|10.0|25.0|6.0
260|4.180722891566265|83.0|7.4|71087.0|76.0|146.0|166.5|210.0|2.0
261|4.753191489361702|235.0|7.3|113812.0|127.0|28.5|180.0|160.0|3.0
262|6.121951219512195|41.0|6.6|71162.0|263.0|254.0|276.5|209.0|6.0
263|2.2658227848101267|79.0|8.0|288559.0|2.0|159.5|97.5|56.0|1.0
264|10.863636363636363|22.0|4.9|2853.0|447.0|333.0|428.5|431.0|10.0
265|5.770949720670391|179.0|5.8|92364.0|227.0|50.0|383.5|186.0|5.0
266|4.569948186528498|193.0|6.2|104892.0|108.0|42.0|339.0|169.0|3.0
267|5.674418604651163|129.0|6.9|93364.0|212.0|99.5|234.0|184.0|5.0
268|5.388888888888889|54.0|6.7|140739.0|191.0|210.5|261.0|136.0|5.0
269|7.625|16.0|6.2|15164.0|369.0|374.0|339.0|358.0|8.0
270|6.722222222222222|18.0|5.4|4260.0|317.5|359.5|407.5|420.0|7.0
271|4.142857142857143|7.0|7.1|35898.0|71.0|438.0|206.0|298.0|2.0
272|4.333333333333333|18.0|7.4|68562.0|91.0|359.5|166.5|217.0|2.0
273|5.182926829268292|82.0|6.4|104839.0|174.0|150.5|310.5|170.0|4.0
274|4.394230769230769|104.0|3.7|8699.0|92.0|117.0|459.0|383.0|2.0
275|6.029411764705882|34.0|6.8|105685.0|256.0|281.0|246.5|168.0|6.0
276|4.75|4.0|7.4|11151.0|125.5|458.5|166.5|373.0|3.0
277|6.333333333333333|18.0|5.8|6186.0|283.0|359.5|383.5|401.0|6.0
278|5.444444444444445|18.0|6.5|63385.0|199.0|359.5|295.5|226.0|5.0
279|5.009216589861751|217.0|8.6|498511.0|145.0|34.0|15.5|13.0|4.0
280|5.258278145695364|151.0|5.8|74127.0|182.0|69.5|383.5|206.0|4.0
281|4.677966101694915|59.0|6.8|22312.0|115.0|202.0|246.5|333.0|3.0
282|3.975609756097561|82.0|5.0|82133.0|57.0|150.5|423.5|194.0|2.0
283|3.729559748427673|477.0|8.9|502886.0|41.0|1.0|3.5|12.0|1.0
284|3.8205128205128207|195.0|8.7|577855.0|44.0|40.5|10.0|7.0|1.0
285|15.0|1.0|4.6|322.0|468.0|470.0|439.0|462.0|10.0
286|3.326388888888889|144.0|7.9|173732.0|26.0|78.0|105.0|111.0|1.0
287|6.203703703703703|54.0|5.9|86158.0|273.0|210.5|373.5|188.0|6.0
288|2.9877300613496933|163.0|7.6|293930.0|12.0|56.0|141.0|53.0|1.0
289|2.8260869565217392|69.0|7.4|205202.0|6.0|177.0|166.5|92.0|1.0
290|9.666666666666666|24.0|5.4|38366.0|437.0|321.5|407.5|288.0|10.0
291|3.3484848484848486|132.0|8.0|392774.0|29.0|93.0|97.5|28.0|1.0
292|4.614285714285714|70.0|7.2|48285.0|110.0|174.5|193.5|261.0|3.0
293|4.264705882352941|68.0|7.6|111528.0|84.0|179.5|141.0|164.0|2.0
294|7.1|10.0|5.8|7215.0|343.0|413.5|383.5|393.0|8.0
295|5.935135135135135|185.0|8.2|427628.0|246.0|46.5|65.0|24.0|6.0
296|4.511811023622047|127.0|8.1|387643.0|101.0|101.0|85.0|30.0|3.0
297|9.0|18.0|5.1|4576.0|417.5|359.5|419.5|416.0|9.0
298|6.571428571428571|49.0|6.2|142900.0|304.0|225.5|339.0|133.0|7.0
299|5.129032258064516|62.0|6.1|52059.0|168.0|192.5|350.0|254.0|4.0
300|6.833333333333333|6.0|6.0|5237.0|325.0|445.5|362.0|410.0|7.0
301|6.0|7.0|7.6|16298.0|253.0|438.0|141.0|357.0|6.0
302|5.825581395348837|86.0|6.3|43496.0|235.0|138.5|325.5|273.0|5.0
303|5.625|24.0|6.8|23213.0|207.0|321.5|246.5|330.0|5.0
304|4.96875|160.0|8.6|222417.0|142.0|60.5|15.5|85.0|3.0
305|6.7272727272727275|44.0|6.2|37488.0|319.0|245.0|339.0|293.0|7.0
306|8.571428571428571|7.0|5.0|3770.0|403.0|438.0|423.5|424.0|9.0
307|2.457627118644068|59.0|8.2|114682.0|4.0|202.0|65.0|159.0|1.0
308|5.079207920792079|303.0|7.7|315142.0|156.0|18.0|124.5|43.0|4.0
309|8.732142857142858|112.0|4.9|36083.0|409.0|108.5|428.5|297.0|9.0
310|9.0|11.0|5.4|683.0|417.5|407.5|407.5|456.0|9.0
311|4.305084745762712|59.0|5.4|26710.0|87.0|202.0|407.5|322.0|2.0
312|7.742857142857143|35.0|7.1|39935.0|372.0|277.5|206.0|284.0|8.0
313|5.658823529411765|85.0|6.0|136699.0|210.0|140.5|362.0|141.0|5.0
314|16.0|6.0|3.3|701.0|471.0|445.5|465.0|454.0|10.0
315|10.8|5.0|4.8|5199.0|445.5|452.5|434.0|411.0|10.0
316|6.0|20.0|7.1|7478.0|253.0|345.0|206.0|392.0|6.0
317|5.738738738738738|111.0|8.5|296680.0|222.0|110.5|25.5|51.0|5.0
318|6.455813953488372|215.0|8.6|442359.0|294.0|35.0|15.5|21.0|7.0
319|5.810126582278481|79.0|7.6|92745.0|234.0|159.5|141.0|185.0|5.0
320|7.814814814814815|27.0|7.4|119393.0|375.0|303.5|166.5|156.0|8.0
321|8.090909090909092|22.0|7.2|25208.0|389.0|333.0|193.5|325.0|9.0
322|7.055555555555555|18.0|5.9|13144.0|339.0|359.5|373.5|367.0|8.0
323|4.173333333333333|75.0|7.2|238949.0|74.0|166.0|193.5|72.0|2.0
324|4.035714285714286|28.0|7.3|44633.0|63.0|297.0|180.0|269.0|2.0
325|6.509803921568627|51.0|8.4|65161.0|296.0|218.5|37.5|223.0|7.0
326|4.081632653061225|49.0|7.6|98950.0|66.0|225.5|141.0|176.0|2.0
327|5.798611111111111|144.0|6.8|142821.0|231.0|78.0|246.5|134.0|5.0
328|5.20627802690583|223.0|8.3|522060.0|178.0|33.0|48.0|11.0|4.0
329|3.8376068376068377|117.0|7.5|168531.0|47.0|105.0|155.5|115.0|1.0
330|4.0299625468164795|267.0|8.2|322331.0|62.0|24.0|65.0|42.0|2.0
331|6.674418604651163|43.0|8.2|43574.0|311.0|249.5|65.0|272.0|7.0
332|4.992307692307692|130.0|8.1|295622.0|143.0|97.0|85.0|52.0|4.0
333|4.068181818181818|44.0|6.8|40254.0|65.0|245.0|246.5|282.0|2.0
334|6.397058823529412|68.0|7.4|37640.0|287.0|179.5|166.5|291.0|7.0
335|7.214285714285714|14.0|5.0|685.0|350.5|388.0|423.5|455.0|8.0
336|8.454545454545455|22.0|6.8|11402.0|399.0|333.0|246.5|372.0|9.0
337|5.125|8.0|5.4|4224.0|167.0|430.5|407.5|421.0|4.0
338|5.083333333333333|12.0|5.9|4922.0|160.0|403.5|373.5|412.0|4.0
339|6.6|5.0|6.0|9728.0|306.0|452.5|362.0|380.0|7.0
340|5.113207547169812|159.0|6.6|93753.0|165.0|63.0|276.5|183.0|4.0
341|6.333333333333333|36.0|6.9|40652.0|283.0|273.0|234.0|280.0|6.0
342|6.733333333333333|45.0|7.6|43685.0|320.5|240.5|141.0|271.0|7.0
343|5.666666666666667|9.0|7.6|26784.0|211.0|422.0|141.0|321.0|5.0
344|7.323076923076923|65.0|7.5|24381.0|352.0|185.5|155.5|328.0|8.0
345|4.405797101449275|69.0|6.4|206352.0|95.0|177.0|310.5|90.0|2.0
346|3.027173913043478|184.0|9.0|963458.0|13.0|48.0|1.5|1.0|1.0
347|4.415902140672783|327.0|8.6|599893.0|96.0|15.0|15.5|6.0|3.0
348|4.578947368421052|76.0|7.3|29483.0|109.0|164.5|180.0|311.0|3.0
349|4.014409221902017|347.0|8.5|497559.0|60.0|11.0|25.5|14.0|2.0
350|5.512820512820513|78.0|5.8|19010.0|204.0|161.5|383.5|343.0|5.0
351|7.818181818181818|22.0|5.2|31842.0|376.0|333.0|415.0|307.0|8.0
352|4.555555555555555|81.0|7.1|49690.0|107.0|155.0|206.0|258.0|3.0
353|6.0|17.0|5.9|14931.0|253.0|368.0|373.5|360.0|6.0
354|7.5|2.0|7.3|10258.0|364.5|468.0|180.0|378.0|8.0
355|5.72265625|256.0|8.0|196213.0|217.0|26.0|97.5|96.0|5.0
356|6.0|5.0|6.8|7559.0|253.0|452.5|246.5|391.0|6.0
357|2.948529411764706|136.0|7.5|75239.0|10.0|88.0|155.5|203.0|1.0
358|5.407407407407407|27.0|5.6|10365.0|194.0|303.5|395.5|377.0|5.0
359|13.0|14.0|8.2|38159.0|460.5|388.0|65.0|290.0|10.0
360|6.071428571428571|14.0|6.1|17504.0|261.0|388.0|350.0|351.0|6.0
361|5.797297297297297|74.0|9.0|298134.0|230.0|167.0|1.5|50.0|5.0
362|4.462686567164179|134.0|8.1|138535.0|98.0|91.5|85.0|138.0|3.0
363|5.809523809523809|84.0|8.3|102830.0|233.0|143.0|48.0|173.0|5.0
364|4.403846153846154|52.0|5.9|98378.0|94.0|216.0|373.5|178.0|2.0
365|8.0625|16.0|5.2|3208.0|388.0|374.0|415.0|428.0|9.0
366|3.1341463414634148|82.0|6.5|223145.0|17.0|150.5|295.5|84.0|1.0
367|4.174698795180723|166.0|6.1|44683.0|75.0|54.0|350.0|268.0|2.0
368|4.127659574468085|47.0|4.8|20917.0|69.0|232.5|434.0|336.0|2.0
369|5.985781990521327|211.0|8.1|303834.0|250.0|37.0|85.0|47.0|6.0
370|6.276595744680851|47.0|7.0|46807.0|278.0|232.5|222.0|265.0|6.0
371|5.866666666666666|30.0|6.4|16841.0|242.0|289.5|310.5|352.0|6.0
372|6.7894736842105265|38.0|7.3|48850.0|322.0|264.0|180.0|259.0|7.0
373|4.238095238095238|21.0|6.2|19719.0|80.0|338.5|339.0|341.0|2.0
374|3.289156626506024|83.0|7.2|360758.0|25.0|146.0|193.5|34.0|1.0
375|8.666666666666666|3.0|6.8|17569.0|405.0|464.0|246.5|350.0|9.0
376|4.505050505050505|99.0|7.7|199323.0|100.0|121.0|124.5|95.0|3.0
377|5.15|20.0|6.0|7090.0|171.0|345.0|362.0|394.0|4.0
378|3.901098901098901|91.0|6.5|39983.0|52.0|132.0|295.5|283.0|2.0
379|5.456521739130435|46.0|6.5|61186.0|200.0|237.0|295.5|232.0|5.0
380|10.0|13.0|8.5|187138.0|440.5|397.0|25.5|100.0|10.0
381|6.90625|32.0|7.7|32323.0|331.0|285.0|124.5|305.0|8.0
382|5.711111111111111|90.0|8.1|260462.0|215.0|133.5|85.0|68.0|5.0
383|11.0|6.0|5.9|2577.0|449.5|445.5|373.5|432.0|10.0
384|6.705882352941177|34.0|6.1|61694.0|315.0|281.0|350.0|229.0|7.0
385|6.567164179104478|134.0|4.4|76422.0|302.0|91.5|442.5|199.0|7.0
386|9.5|2.0|6.3|436.0|433.5|468.0|325.5|461.0|10.0
387|2.7037037037037037|81.0|7.7|102922.0|5.0|155.0|124.5|172.0|1.0
388|6.161290322580645|62.0|6.5|45331.0|270.0|192.5|295.5|267.0|6.0
389|6.045454545454546|44.0|7.5|29039.0|258.0|245.0|155.5|313.0|6.0
390|4.769230769230769|13.0|7.0|19329.0|129.5|397.0|222.0|342.0|3.0
391|4.127777777777778|180.0|8.4|328891.0|70.0|49.0|37.5|41.0|2.0
392|7.894736842105263|19.0|8.5|154268.0|382.0|351.5|25.5|125.0|9.0
393|6.98936170212766|94.0|6.3|45547.0|333.0|130.0|325.5|266.0|8.0
394|4.150510204081633|392.0|8.8|725746.0|72.0|7.0|6.0|3.0|2.0
395|5.323741007194244|139.0|8.9|698029.0|183.0|85.0|3.5|5.0|4.0
396|8.2|5.0|5.9|1630.0|391.0|452.5|373.5|442.0|9.0
397|7.790123456790123|81.0|6.3|160384.0|373.0|155.0|325.5|122.0|8.0
398|13.75|8.0|6.1|559.0|463.0|430.5|350.0|459.0|10.0
399|7.444444444444445|18.0|7.6|63031.0|362.0|359.5|141.0|228.0|8.0
400|7.98941798941799|189.0|6.6|64793.0|384.0|45.0|276.5|224.0|9.0
401|4.263736263736264|364.0|8.7|705638.0|83.0|9.0|10.0|4.0|2.0
402|4.45|60.0|6.4|21357.0|97.0|197.5|310.5|335.0|3.0
403|6.694915254237288|59.0|7.3|97522.0|313.0|202.0|180.0|180.0|7.0
404|8.444444444444445|9.0|6.4|7921.0|398.0|422.0|310.5|385.0|9.0
405|5.0120481927710845|166.0|8.5|273720.0|146.0|54.0|25.5|63.0|4.0
406|4.711340206185567|97.0|8.4|454539.0|121.0|125.0|37.5|18.0|3.0
407|5.741071428571429|112.0|8.1|193072.0|223.0|108.5|85.0|97.0|5.0
408|5.682926829268292|41.0|5.6|13185.0|214.0|254.0|395.5|366.0|5.0
409|8.5|6.0|2.6|1138.0|401.0|445.5|469.0|448.0|9.0
410|5.875|16.0|7.6|70152.0|243.0|374.0|141.0|212.0|6.0
411|8.333333333333334|12.0|4.4|58.0|393.5|403.5|442.5|469.0|9.0
412|5.132075471698113|53.0|6.9|18997.0|169.0|213.5|234.0|344.0|4.0
413|12.88888888888889|9.0|8.2|67077.0|459.0|422.0|65.0|220.0|10.0
414|6.88135593220339|59.0|4.3|10785.0|328.0|202.0|446.0|376.0|7.0
415|3.331081081081081|148.0|7.4|183544.0|28.0|73.0|166.5|105.0|1.0
416|6.444444444444445|18.0|6.6|44187.0|291.0|359.5|276.5|270.0|7.0
417|5.037735849056604|53.0|6.3|63114.0|150.0|213.5|325.5|227.0|4.0
418|14.0|4.0|3.7|114.0|464.5|458.5|459.0|466.0|10.0
419|7.407407407407407|54.0|7.2|184259.0|359.0|210.5|193.5|103.0|8.0
420|5.540425531914893|235.0|8.1|348275.0|205.0|28.5|85.0|36.0|5.0
421|6.905109489051095|137.0|8.2|161726.0|330.0|86.0|65.0|120.0|7.0
422|4.0588235294117645|136.0|7.6|183727.0|64.0|88.0|141.0|104.0|2.0
423|7.083333333333333|24.0|8.4|51252.0|341.0|321.5|37.5|255.0|8.0
424|5.104347826086957|115.0|4.8|122966.0|162.0|106.0|434.0|150.0|4.0
425|5.045751633986928|153.0|8.7|445105.0|153.0|67.0|10.0|20.0|4.0
426|5.178571428571429|28.0|7.3|56394.0|173.0|297.0|180.0|241.0|4.0
427|11.9|10.0|5.9|6143.0|456.0|413.5|373.5|402.0|10.0
428|8.777777777777779|9.0|6.5|3863.0|411.0|422.0|295.5|423.0|9.0
429|5.852564102564102|156.0|8.2|176061.0|238.0|65.0|65.0|108.0|6.0
430|3.8518518518518516|27.0|7.3|69251.0|48.5|303.5|180.0|215.0|1.0
431|5.109589041095891|73.0|8.1|233600.0|164.0|170.0|85.0|76.0|4.0
432|8.1|20.0|6.6|7838.0|390.0|345.0|276.5|386.0|9.0
433|4.216216216216216|185.0|7.6|477821.0|78.0|46.5|141.0|15.0|2.0
434|5.361111111111111|72.0|6.3|40405.0|189.0|173.0|325.5|281.0|4.0
435|8.333333333333334|15.0|6.1|18381.0|393.5|380.5|350.0|349.0|9.0
436|9.6|15.0|5.9|1597.0|435.0|380.5|373.5|443.0|10.0
437|4.543478260869565|368.0|8.3|335769.0|105.0|8.0|48.0|38.0|3.0
438|5.2087542087542085|297.0|8.5|290498.0|179.0|19.0|25.5|54.0|4.0
439|2.8316831683168315|101.0|7.7|132933.0|7.0|118.0|124.5|145.0|1.0
440|3.9254658385093166|161.0|7.1|352055.0|54.0|58.5|206.0|35.0|2.0
441|6.133333333333334|45.0|6.5|18581.0|266.0|240.5|295.5|347.0|6.0
442|3.710526315789474|152.0|7.7|161517.0|40.0|68.0|124.5|121.0|1.0
443|6.495412844036697|109.0|7.2|130928.0|295.0|112.0|193.5|148.0|7.0
444|5.909090909090909|22.0|6.7|33241.0|244.0|333.0|261.0|302.0|6.0
445|7.733333333333333|30.0|4.4|6109.0|371.0|289.5|442.5|403.0|8.0
446|9.142857142857142|7.0|6.2|1877.0|425.0|438.0|339.0|441.0|10.0
447|5.102739726027397|146.0|6.5|75873.0|161.0|75.5|295.5|200.0|4.0
448|11.571428571428571|7.0|4.0|2568.0|453.0|438.0|453.5|433.0|10.0
449|5.232876712328767|73.0|8.3|175930.0|180.0|170.0|48.0|109.0|4.0
450|4.769230769230769|195.0|8.2|466957.0|129.5|40.5|65.0|16.0|3.0
451|5.36|50.0|7.3|38800.0|188.0|221.0|180.0|287.0|4.0
452|5.865384615384615|52.0|6.4|33006.0|241.0|216.0|310.5|303.0|6.0
453|3.83|100.0|7.4|84148.0|46.0|119.0|166.5|192.0|1.0
454|5.042857142857143|70.0|6.2|59672.0|152.0|174.5|339.0|235.0|4.0
455|4.205882352941177|340.0|8.5|394096.0|77.0|12.0|25.5|27.0|2.0
456|5.633333333333334|30.0|7.2|73170.0|208.0|289.5|193.5|208.0|5.0
457|7.095588235294118|136.0|6.5|221949.0|342.0|88.0|295.5|86.0|8.0
458|3.8518518518518516|108.0|7.0|65856.0|48.5|114.0|222.0|222.0|1.0
459|9.44|25.0|8.2|172145.0|432.0|313.5|65.0|112.0|10.0
460|4.465116279069767|43.0|7.0|68846.0|99.0|249.5|222.0|216.0|3.0
461|9.166666666666666|24.0|6.1|7646.0|426.0|321.5|350.0|389.0|10.0
462|9.0|13.0|6.6|6090.0|417.5|397.0|276.5|404.0|9.0
463|7.7|10.0|6.4|13457.0|370.0|413.5|310.5|365.0|8.0
464|5.769230769230769|39.0|7.1|57781.0|226.0|261.5|206.0|237.0|5.0
465|6.031746031746032|63.0|6.3|37596.0|257.0|189.5|325.5|292.0|6.0
466|5.16|50.0|6.0|52483.0|172.0|221.0|362.0|252.0|4.0
467|4.082926829268293|205.0|6.8|224440.0|68.0|38.0|246.5|80.0|2.0
468|10.0|3.0|4.0|173.0|440.5|464.0|453.5|464.0|10.0
469|6.541666666666667|24.0|6.3|23011.0|299.0|321.5|325.5|331.0|7.0
470|10.8|10.0|5.6|2203.0|445.5|413.5|395.5|438.0|10.0
471|4.657894736842105|76.0|7.5|113642.0|112.0|164.5|155.5|161.0|3.0
