movieid|average_score|rank_of_average_score|average_rank|frequency|rank_of_frequency|votes|rank_of_votes
1|6.3|325.5|9.384615384615385|13.0|397.0|16304.0|356.0
2|7.8|112.5|4.329896907216495|97.0|125.0|167530.0|117.0
3|8.1|85.0|4.703007518796992|266.0|25.0|311692.0|45.0
4|6.5|295.5|6.068181818181818|44.0|245.0|52076.0|253.0
5|5.4|407.5|5.676056338028169|142.0|80.5|70851.0|211.0
6|6.8|246.5|7.4375|16.0|374.0|47828.0|262.0
7|4.8|434.0|7.435897435897436|39.0|261.5|12332.0|370.0
8|7.5|155.5|3.8255813953488373|86.0|138.5|137746.0|140.0
9|7.4|166.5|7.346153846153846|26.0|309.0|41142.0|278.0
10|8.5|25.5|11.444444444444445|9.0|422.0|85342.0|191.0
11|7.0|222.0|8.0|11.0|407.5|68542.0|218.0
12|4.1|451.5|11.529411764705882|17.0|368.0|13119.0|368.0
13|7.0|222.0|7.035398230088496|113.0|107.0|167225.0|118.0
14|5.6|395.5|9.0|4.0|458.5|5879.0|406.0
15|4.2|449.0|7.0|6.0|445.5|2252.0|437.0
16|6.6|276.5|8.521739130434783|23.0|328.5|28744.0|314.0
17|7.6|141.0|12.555555555555555|9.0|422.0|25832.0|323.0
18|5.4|407.5|6.126315789473685|95.0|128.5|100746.0|174.0
19|7.4|166.5|8.692307692307692|13.0|397.0|10789.0|375.0
20|8.5|25.5|3.880281690140845|142.0|80.5|331868.0|40.0
21|2.2|471.0|14.0|8.0|430.5|73.0|467.5
22|8.5|25.5|6.56858407079646|452.0|2.0|300352.0|49.0
23|5.6|395.5|8.909090909090908|11.0|407.5|6573.0|399.0
24|5.2|415.0|5.618181818181818|55.0|207.5|36700.0|295.0
25|6.2|339.0|8.73076923076923|26.0|309.0|16345.0|355.0
26|7.8|112.5|4.8478260869565215|92.0|131.0|224391.0|81.0
27|7.5|155.5|3.1714285714285713|35.0|277.5|33531.0|301.0
28|4.2|449.0|5.96|25.0|313.5|4775.0|414.0
29|7.1|206.0|6.733333333333333|45.0|240.5|39915.0|285.0
30|6.6|276.5|6.1395348837209305|43.0|249.5|132313.0|147.0
31|5.4|407.5|5.204545454545454|44.0|245.0|13759.0|364.0
32|8.2|65.0|5.43298969072165|97.0|125.0|116913.0|158.0
33|6.7|261.0|4.853658536585366|41.0|254.0|74961.0|204.0
34|2.8|468.0|10.2|5.0|452.5|33.0|471.0
35|7.8|112.5|4.304878048780488|82.0|150.5|168849.0|114.0
36|7.5|155.5|3.219178082191781|73.0|170.0|143517.0|131.0
37|4.3|446.0|5.7272727272727275|88.0|136.0|15101.0|359.0
38|7.8|112.5|3.787878787878788|33.0|283.5|133808.0|144.0
39|6.6|276.5|5.137931034482759|29.0|292.5|56630.0|240.0
40|6.6|276.5|5.3428571428571425|35.0|277.5|75256.0|201.0
41|8.0|97.5|3.902857142857143|350.0|10.0|569577.0|8.0
42|6.6|276.5|5.945945945945946|37.0|267.5|42926.0|275.0
43|5.6|395.5|8.352941176470589|17.0|368.0|6851.0|396.0
44|5.6|395.5|6.695652173913044|23.0|328.5|20859.0|337.0
45|7.7|124.5|9.3|10.0|413.5|59461.0|236.0
46|8.3|48.0|3.8855421686746987|332.0|13.0|555722.0|9.0
47|6.0|362.0|7.35|20.0|345.0|48584.0|260.0
48|7.0|222.0|4.958333333333333|24.0|321.5|2961.0|430.0
49|8.1|85.0|8.480519480519481|77.0|163.0|98657.0|177.0
50|6.2|339.0|4.846153846153846|13.0|397.0|16477.0|353.0
51|6.5|295.5|8.235294117647058|34.0|281.0|18548.0|348.0
52|7.1|206.0|8.75|12.0|403.5|6491.0|400.0
53|7.7|124.5|4.534351145038168|131.0|94.5|191701.0|98.0
54|6.5|295.5|9.625|24.0|321.5|28526.0|315.0
55|8.1|85.0|5.24375|160.0|60.5|343313.0|37.0
56|8.3|48.0|3.28125|96.0|127.0|302995.0|48.0
57|7.7|124.5|4.875|8.0|430.5|47099.0|263.0
58|6.3|325.5|8.0|18.0|359.5|25491.0|324.0
59|5.5|401.5|10.954545454545455|22.0|333.0|6700.0|398.0
60|7.1|206.0|6.837837837837838|37.0|267.5|117724.0|157.0
61|7.1|206.0|4.818181818181818|33.0|283.5|52640.0|251.0
62|5.7|389.0|8.714285714285714|7.0|438.0|4385.0|418.0
63|8.4|37.5|4.237179487179487|312.0|16.0|445466.0|19.0
64|4.3|446.0|8.357142857142858|14.0|388.0|1975.0|439.0
65|6.8|246.5|8.866666666666667|15.0|380.5|41892.0|276.0
66|6.6|276.5|6.166666666666667|6.0|445.5|5627.0|408.0
67|7.0|222.0|6.115384615384615|26.0|309.0|169646.0|113.0
68|7.3|180.0|6.8|35.0|277.5|88385.0|187.0
69|6.8|246.5|3.0930232558139537|129.0|99.5|223930.0|82.0
70|8.2|65.0|6.431506849315069|146.0|75.5|199729.0|94.0
71|7.9|105.0|4.680555555555555|144.0|78.0|281943.0|57.0
72|4.9|428.5|5.733333333333333|30.0|289.5|5748.0|407.0
73|5.1|419.5|6.066666666666666|15.0|380.5|32354.0|304.0
74|7.8|112.5|4.725|40.0|257.5|141411.0|135.0
75|8.4|37.5|5.91044776119403|67.0|181.5|136155.0|142.0
76|7.9|105.0|3.9722222222222223|36.0|273.0|106368.0|167.0
77|8.6|15.5|6.822222222222222|45.0|240.5|57282.0|239.0
78|6.6|276.5|5.487179487179487|39.0|261.5|31393.0|310.0
79|7.6|141.0|11.8|10.0|413.5|39529.0|286.0
80|6.7|261.0|3.980769230769231|52.0|216.0|127118.0|149.0
81|5.1|419.5|7.170212765957447|47.0|232.5|24403.0|327.0
82|4.1|451.5|7.857142857142857|21.0|338.5|2550.0|434.0
83|7.9|105.0|3.43801652892562|121.0|104.0|271987.0|64.0
84|5.2|415.0|7.857142857142857|14.0|388.0|730.0|453.0
85|3.0|467.0|6.714285714285714|28.0|297.0|27898.0|318.0
86|4.9|428.5|7.538461538461538|13.0|397.0|20447.0|338.0
87|5.6|395.5|6.545454545454546|11.0|407.5|2482.0|435.0
88|8.4|37.5|7.8|150.0|71.5|109986.0|166.0
89|4.8|434.0|11.75|4.0|458.5|128.0|465.0
90|7.3|180.0|7.88|25.0|313.5|19880.0|340.0
91|4.4|442.5|9.125|16.0|374.0|3061.0|429.0
92|6.4|310.5|6.297297297297297|37.0|267.5|112258.0|163.0
93|8.2|65.0|6.638297872340425|47.0|232.5|59681.0|234.0
94|8.5|25.5|5.118367346938776|245.0|27.0|372568.0|31.0
95|6.0|362.0|7.45|20.0|345.0|12949.0|369.0
96|8.3|48.0|6.646464646464646|99.0|121.0|155643.0|124.0
97|6.7|261.0|7.4|10.0|413.5|11540.0|371.0
98|7.7|124.5|3.5535714285714284|56.0|206.0|138305.0|139.0
99|5.8|383.5|8.875|8.0|430.5|3502.0|426.0
100|6.6|276.5|6.6875|64.0|187.0|55002.0|245.0
101|6.0|362.0|7.571428571428571|28.0|297.0|27938.0|317.0
102|8.0|97.5|8.588235294117647|17.0|368.0|37116.0|294.0
103|7.7|124.5|6.655172413793103|58.0|205.0|60061.0|233.0
104|6.7|261.0|5.7368421052631575|19.0|351.5|11016.0|374.0
105|7.2|193.5|4.761904761904762|63.0|189.5|93824.0|181.0
106|6.1|350.0|7.857142857142857|14.0|388.0|4696.0|415.0
107|8.4|37.5|5.340836012861736|311.0|17.0|403358.0|26.0
108|6.8|246.5|6.3|40.0|257.5|56138.0|242.0
109|5.0|423.5|6.125|24.0|321.5|22256.0|334.0
110|5.5|401.5|6.444444444444445|9.0|422.0|10145.0|379.0
111|6.4|310.5|7.041666666666667|24.0|321.5|34077.0|299.0
112|8.2|65.0|5.65|140.0|83.5|264102.0|65.0
113|5.4|407.5|7.352941176470588|17.0|368.0|787.0|452.0
114|7.3|180.0|4.020408163265306|49.0|225.5|174063.0|110.0
115|5.8|383.5|5.081632653061225|49.0|225.5|53772.0|246.0
116|8.1|85.0|5.466666666666667|330.0|14.0|370576.0|32.0
117|7.1|206.0|4.678571428571429|28.0|297.0|74125.0|207.0
118|7.1|206.0|3.130952380952381|84.0|143.0|93762.0|182.0
119|6.4|310.5|7.164383561643835|73.0|170.0|70080.0|214.0
120|5.6|395.5|0.0|0.0|471.0|4071.0|422.0
121|7.7|124.5|5.105263157894737|19.0|351.5|66812.0|221.0
122|4.7|437.0|6.25|4.0|458.5|7562.0|390.0
123|5.7|389.0|7.08080808080808|99.0|121.0|43434.0|274.0
124|7.5|155.5|3.9696969696969697|66.0|183.5|204034.0|93.0
125|6.8|246.5|6.2682926829268295|82.0|150.5|75242.0|202.0
126|7.0|222.0|7.933333333333334|15.0|380.5|50299.0|256.0
127|5.2|415.0|4.729508196721311|122.0|103.0|121751.0|151.0
128|8.5|25.5|3.7735849056603774|159.0|63.0|550361.0|10.0
129|4.6|439.0|4.75|16.0|374.0|4493.0|417.0
130|8.8|6.0|4.534031413612565|191.0|43.0|428549.0|23.0
131|8.2|65.0|5.081545064377682|233.0|30.0|332195.0|39.0
132|6.8|246.5|7.5|10.0|413.5|1079.0|449.0
133|8.1|85.0|4.257627118644068|295.0|20.0|260619.0|67.0
134|5.9|373.5|9.055555555555555|18.0|359.5|6771.0|397.0
135|6.3|325.5|13.0|3.0|464.0|2307.0|436.0
136|6.6|276.5|5.022222222222222|135.0|90.0|143445.0|132.0
137|3.8|456.0|8.379310344827585|29.0|292.5|808.0|451.0
138|6.5|295.5|4.168224299065421|214.0|36.0|85358.0|190.0
139|7.5|155.5|3.161290322580645|155.0|66.0|238875.0|73.0
140|7.3|180.0|3.5875|80.0|157.5|273961.0|61.0
141|5.9|373.5|6.722222222222222|18.0|359.5|52866.0|248.0
142|6.7|261.0|5.75|8.0|430.5|7818.0|387.0
143|6.5|295.5|7.035714285714286|28.0|297.0|61290.0|230.0
144|6.6|276.5|6.407407407407407|27.0|303.5|50084.0|257.0
145|5.7|389.0|7.538461538461538|13.0|397.0|52724.0|249.0
146|3.1|466.0|6.4520547945205475|73.0|170.0|5986.0|405.0
147|6.4|310.5|7.361538461538461|130.0|97.0|119556.0|155.0
148|8.2|65.0|5.865248226950355|282.0|23.0|167662.0|116.0
149|5.8|383.5|5.3375|80.0|157.5|85375.0|189.0
150|8.2|65.0|6.153061224489796|196.0|39.0|221676.0|87.0
151|8.1|85.0|6.276422764227642|123.0|102.0|110138.0|165.0
152|7.6|141.0|5.325581395348837|43.0|249.5|158335.0|123.0
153|7.8|112.5|4.4|40.0|257.5|38176.0|289.0
154|7.0|222.0|4.782051282051282|78.0|161.5|231415.0|77.0
155|6.8|246.5|4.624277456647399|173.0|52.0|112806.0|162.0
156|5.6|395.5|4.546666666666667|150.0|71.5|26828.0|320.0
157|6.9|234.0|15.666666666666666|3.0|464.0|1506.0|446.0
158|6.0|362.0|9.227272727272727|22.0|333.0|14175.0|363.0
159|6.1|350.0|7.888888888888889|18.0|359.5|9216.0|382.0
160|6.7|261.0|9.3125|16.0|374.0|583.0|458.0
161|8.8|6.0|3.239130434782609|414.0|5.0|779255.0|2.0
162|6.3|325.5|7.378571428571429|140.0|83.5|223247.0|83.0
163|8.3|48.0|5.774881516587678|422.0|3.0|309992.0|46.0
164|8.3|48.0|5.721311475409836|61.0|194.5|465222.0|17.0
165|7.0|222.0|13.5|2.0|468.0|499.0|460.0
166|7.7|124.5|3.5238095238095237|42.0|252.0|183148.0|106.0
167|8.2|65.0|6.444444444444445|54.0|210.5|236949.0|74.0
168|6.3|325.5|6.526315789473684|19.0|351.5|56030.0|243.0
169|7.3|180.0|4.666666666666667|36.0|273.0|80765.0|195.0
170|7.9|105.0|2.840909090909091|88.0|136.0|391609.0|29.0
171|7.1|206.0|3.6358024691358026|162.0|57.0|275162.0|60.0
172|7.6|141.0|3.076923076923077|130.0|97.0|187059.0|101.0
173|6.6|276.5|5.05|40.0|257.5|64165.0|225.0
174|8.2|65.0|5.856801909307876|419.0|4.0|245907.0|71.0
175|6.1|350.0|6.573770491803279|61.0|194.5|40729.0|279.0
176|8.0|97.5|3.630434782608696|46.0|237.0|83122.0|193.0
177|5.9|373.5|6.388888888888889|36.0|273.0|14658.0|361.0
178|4.2|449.0|9.055555555555555|36.0|273.0|249.0|463.0
179|6.6|276.5|7.108108108108108|37.0|267.5|139765.0|137.0
180|4.6|439.0|6.903225806451613|31.0|286.5|31986.0|306.0
181|3.7|459.0|5.8|20.0|345.0|1502.0|447.0
182|8.0|97.5|4.312925170068027|147.0|74.0|311906.0|44.0
183|6.7|261.0|6.205128205128205|39.0|261.5|57571.0|238.0
184|6.5|295.5|7.054054054054054|37.0|267.5|36223.0|296.0
185|6.9|234.0|10.666666666666666|6.0|445.5|3769.0|425.0
186|8.2|65.0|5.0638297872340425|141.0|82.0|439706.0|22.0
187|7.3|180.0|5.374045801526718|131.0|94.5|226857.0|79.0
188|7.1|206.0|5.440993788819876|161.0|58.5|144878.0|129.0
189|6.9|234.0|11.0|7.0|438.0|16407.0|354.0
190|7.3|180.0|4.848484848484849|231.0|31.0|98267.0|179.0
191|8.4|37.5|7.192771084337349|83.0|146.0|273858.0|62.0
192|8.4|37.5|4.953703703703703|108.0|114.0|121383.0|152.0
193|6.3|325.5|5.041666666666667|24.0|321.5|31402.0|309.0
194|7.9|105.0|3.1384615384615384|65.0|185.5|100585.0|175.0
195|8.5|25.5|5.782608695652174|69.0|177.0|217255.0|88.0
196|8.1|85.0|5.830188679245283|159.0|63.0|205795.0|91.0
197|2.5|470.0|14.625|8.0|430.5|73.0|467.5
198|7.5|155.5|4.082758620689655|290.0|21.0|104622.0|171.0
199|6.0|362.0|5.0|12.0|403.5|1569.0|444.0
200|7.0|222.0|12.0|4.0|458.5|1963.0|440.0
201|7.6|141.0|4.26984126984127|63.0|189.5|231337.0|78.0
202|7.7|124.5|2.877551020408163|98.0|123.0|185631.0|102.0
203|6.7|261.0|6.846153846153846|26.0|309.0|4886.0|413.0
204|3.6|461.5|4.658536585365853|82.0|150.5|7727.0|388.0
205|6.1|350.0|5.081081081081081|37.0|267.5|52707.0|250.0
206|6.3|325.5|5.730769230769231|26.0|309.0|41354.0|277.0
207|6.6|276.5|7.214285714285714|28.0|297.0|76523.0|198.0
208|7.1|206.0|3.25|20.0|345.0|53259.0|247.0
209|8.1|85.0|15.0|9.0|422.0|61264.0|231.0
210|7.3|180.0|4.708333333333333|24.0|321.5|78976.0|197.0
211|3.4|463.5|7.148148148148148|27.0|303.5|14527.0|362.0
212|7.5|155.5|9.0|15.0|380.5|47067.0|264.0
213|6.3|325.5|4.0|166.0|54.0|145424.0|128.0
214|6.5|295.5|5.2|60.0|197.5|24437.0|326.0
215|7.9|105.0|8.0|9.0|422.0|74730.0|205.0
216|8.1|85.0|6.188118811881188|404.0|6.0|279877.0|58.0
217|7.7|124.5|6.968253968253968|63.0|189.5|261649.0|66.0
218|4.9|428.5|15.0|5.0|452.5|1566.0|445.0
219|7.8|112.5|4.25|20.0|345.0|120262.0|153.0
220|7.6|141.0|6.0|55.0|207.5|132612.0|146.0
221|5.4|407.5|5.3977272727272725|88.0|136.0|33595.0|300.0
222|8.2|65.0|5.833333333333333|48.0|229.0|79232.0|196.0
223|8.0|97.5|3.574074074074074|108.0|114.0|235532.0|75.0
224|6.9|234.0|4.816326530612245|49.0|225.5|23888.0|329.0
225|7.2|193.5|3.466666666666667|60.0|197.5|119904.0|154.0
226|7.0|222.0|9.761904761904763|21.0|338.5|18636.0|346.0
227|6.5|295.5|9.5|14.0|388.0|9455.0|381.0
228|6.3|325.5|9.0|14.0|388.0|7956.0|384.0
229|6.0|362.0|6.361702127659575|47.0|232.5|20137.0|339.0
230|7.0|222.0|4.88|25.0|313.5|18830.0|345.0
231|8.2|65.0|4.697916666666667|288.0|22.0|368090.0|33.0
232|8.5|25.5|5.503311258278146|151.0|69.5|143783.0|130.0
233|7.8|112.5|3.675675675675676|111.0|110.5|153208.0|126.0
234|7.7|124.5|2.433333333333333|90.0|133.5|253856.0|69.0
235|6.8|246.5|4.321428571428571|84.0|143.0|163444.0|119.0
236|6.3|325.5|3.327683615819209|177.0|51.0|181569.0|107.0
237|7.0|222.0|5.185185185185185|27.0|303.5|29414.0|312.0
238|8.7|10.0|9.375|24.0|321.5|135522.0|143.0
239|5.1|419.5|6.673913043478261|46.0|237.0|22544.0|332.0
240|4.9|428.5|5.7611940298507465|67.0|181.5|3470.0|427.0
241|7.0|222.0|5.425531914893617|47.0|232.5|55284.0|244.0
242|6.6|276.5|4.714285714285714|49.0|225.5|70139.0|213.0
243|3.8|456.0|6.333333333333333|3.0|464.0|54.0|470.0
244|8.3|48.0|4.533333333333333|105.0|116.0|288599.0|55.0
245|6.8|246.5|6.516129032258065|31.0|286.5|26874.0|319.0
246|6.1|350.0|5.4|20.0|345.0|31457.0|308.0
247|6.5|295.5|7.166666666666667|6.0|445.5|5323.0|409.0
248|3.8|456.0|6.3076923076923075|13.0|397.0|833.0|450.0
249|3.6|461.5|10.625|8.0|430.5|629.0|457.0
250|3.4|463.5|9.857142857142858|21.0|338.5|4380.0|419.0
251|6.1|350.0|6.56|50.0|221.0|28472.0|316.0
252|8.2|65.0|2.980392156862745|51.0|218.5|187161.0|99.0
253|7.0|222.0|5.442105263157894|95.0|128.5|67870.0|219.0
254|7.2|193.5|5.033333333333333|60.0|197.5|276084.0|59.0
255|8.6|15.5|5.0311111111111115|225.0|32.0|249801.0|70.0
256|6.7|261.0|3.5526315789473686|190.0|44.0|207588.0|89.0
257|6.4|310.5|9.071428571428571|14.0|388.0|6887.0|395.0
258|8.3|48.0|5.976470588235294|85.0|140.5|149374.0|127.0
259|8.7|10.0|6.151515151515151|66.0|183.5|405419.0|25.0
260|7.4|166.5|4.180722891566265|83.0|146.0|71087.0|210.0
261|7.3|180.0|4.753191489361702|235.0|28.5|113812.0|160.0
262|6.6|276.5|6.121951219512195|41.0|254.0|71162.0|209.0
263|8.0|97.5|2.2658227848101267|79.0|159.5|288559.0|56.0
264|4.9|428.5|10.863636363636363|22.0|333.0|2853.0|431.0
265|5.8|383.5|5.770949720670391|179.0|50.0|92364.0|186.0
266|6.2|339.0|4.569948186528498|193.0|42.0|104892.0|169.0
267|6.9|234.0|5.674418604651163|129.0|99.5|93364.0|184.0
268|6.7|261.0|5.388888888888889|54.0|210.5|140739.0|136.0
269|6.2|339.0|7.625|16.0|374.0|15164.0|358.0
270|5.4|407.5|6.722222222222222|18.0|359.5|4260.0|420.0
271|7.1|206.0|4.142857142857143|7.0|438.0|35898.0|298.0
272|7.4|166.5|4.333333333333333|18.0|359.5|68562.0|217.0
273|6.4|310.5|5.182926829268292|82.0|150.5|104839.0|170.0
274|3.7|459.0|4.394230769230769|104.0|117.0|8699.0|383.0
275|6.8|246.5|6.029411764705882|34.0|281.0|105685.0|168.0
276|7.4|166.5|4.75|4.0|458.5|11151.0|373.0
277|5.8|383.5|6.333333333333333|18.0|359.5|6186.0|401.0
278|6.5|295.5|5.444444444444445|18.0|359.5|63385.0|226.0
279|8.6|15.5|5.009216589861751|217.0|34.0|498511.0|13.0
280|5.8|383.5|5.258278145695364|151.0|69.5|74127.0|206.0
281|6.8|246.5|4.677966101694915|59.0|202.0|22312.0|333.0
282|5.0|423.5|3.975609756097561|82.0|150.5|82133.0|194.0
283|8.9|3.5|3.729559748427673|477.0|1.0|502886.0|12.0
284|8.7|10.0|3.8205128205128207|195.0|40.5|577855.0|7.0
285|4.6|439.0|15.0|1.0|470.0|322.0|462.0
286|7.9|105.0|3.326388888888889|144.0|78.0|173732.0|111.0
287|5.9|373.5|6.203703703703703|54.0|210.5|86158.0|188.0
288|7.6|141.0|2.9877300613496933|163.0|56.0|293930.0|53.0
289|7.4|166.5|2.8260869565217392|69.0|177.0|205202.0|92.0
290|5.4|407.5|9.666666666666666|24.0|321.5|38366.0|288.0
291|8.0|97.5|3.3484848484848486|132.0|93.0|392774.0|28.0
292|7.2|193.5|4.614285714285714|70.0|174.5|48285.0|261.0
293|7.6|141.0|4.264705882352941|68.0|179.5|111528.0|164.0
294|5.8|383.5|7.1|10.0|413.5|7215.0|393.0
295|8.2|65.0|5.935135135135135|185.0|46.5|427628.0|24.0
296|8.1|85.0|4.511811023622047|127.0|101.0|387643.0|30.0
297|5.1|419.5|9.0|18.0|359.5|4576.0|416.0
298|6.2|339.0|6.571428571428571|49.0|225.5|142900.0|133.0
299|6.1|350.0|5.129032258064516|62.0|192.5|52059.0|254.0
300|6.0|362.0|6.833333333333333|6.0|445.5|5237.0|410.0
301|7.6|141.0|6.0|7.0|438.0|16298.0|357.0
302|6.3|325.5|5.825581395348837|86.0|138.5|43496.0|273.0
303|6.8|246.5|5.625|24.0|321.5|23213.0|330.0
304|8.6|15.5|4.96875|160.0|60.5|222417.0|85.0
305|6.2|339.0|6.7272727272727275|44.0|245.0|37488.0|293.0
306|5.0|423.5|8.571428571428571|7.0|438.0|3770.0|424.0
307|8.2|65.0|2.457627118644068|59.0|202.0|114682.0|159.0
308|7.7|124.5|5.079207920792079|303.0|18.0|315142.0|43.0
309|4.9|428.5|8.732142857142858|112.0|108.5|36083.0|297.0
310|5.4|407.5|9.0|11.0|407.5|683.0|456.0
311|5.4|407.5|4.305084745762712|59.0|202.0|26710.0|322.0
312|7.1|206.0|7.742857142857143|35.0|277.5|39935.0|284.0
313|6.0|362.0|5.658823529411765|85.0|140.5|136699.0|141.0
314|3.3|465.0|16.0|6.0|445.5|701.0|454.0
315|4.8|434.0|10.8|5.0|452.5|5199.0|411.0
316|7.1|206.0|6.0|20.0|345.0|7478.0|392.0
317|8.5|25.5|5.738738738738738|111.0|110.5|296680.0|51.0
318|8.6|15.5|6.455813953488372|215.0|35.0|442359.0|21.0
319|7.6|141.0|5.810126582278481|79.0|159.5|92745.0|185.0
320|7.4|166.5|7.814814814814815|27.0|303.5|119393.0|156.0
321|7.2|193.5|8.090909090909092|22.0|333.0|25208.0|325.0
322|5.9|373.5|7.055555555555555|18.0|359.5|13144.0|367.0
323|7.2|193.5|4.173333333333333|75.0|166.0|238949.0|72.0
324|7.3|180.0|4.035714285714286|28.0|297.0|44633.0|269.0
325|8.4|37.5|6.509803921568627|51.0|218.5|65161.0|223.0
326|7.6|141.0|4.081632653061225|49.0|225.5|98950.0|176.0
327|6.8|246.5|5.798611111111111|144.0|78.0|142821.0|134.0
328|8.3|48.0|5.20627802690583|223.0|33.0|522060.0|11.0
329|7.5|155.5|3.8376068376068377|117.0|105.0|168531.0|115.0
330|8.2|65.0|4.0299625468164795|267.0|24.0|322331.0|42.0
331|8.2|65.0|6.674418604651163|43.0|249.5|43574.0|272.0
332|8.1|85.0|4.992307692307692|130.0|97.0|295622.0|52.0
333|6.8|246.5|4.068181818181818|44.0|245.0|40254.0|282.0
334|7.4|166.5|6.397058823529412|68.0|179.5|37640.0|291.0
335|5.0|423.5|7.214285714285714|14.0|388.0|685.0|455.0
336|6.8|246.5|8.454545454545455|22.0|333.0|11402.0|372.0
337|5.4|407.5|5.125|8.0|430.5|4224.0|421.0
338|5.9|373.5|5.083333333333333|12.0|403.5|4922.0|412.0
339|6.0|362.0|6.6|5.0|452.5|9728.0|380.0
340|6.6|276.5|5.113207547169812|159.0|63.0|93753.0|183.0
341|6.9|234.0|6.333333333333333|36.0|273.0|40652.0|280.0
342|7.6|141.0|6.733333333333333|45.0|240.5|43685.0|271.0
343|7.6|141.0|5.666666666666667|9.0|422.0|26784.0|321.0
344|7.5|155.5|7.323076923076923|65.0|185.5|24381.0|328.0
345|6.4|310.5|4.405797101449275|69.0|177.0|206352.0|90.0
346|9.0|1.5|3.027173913043478|184.0|48.0|963458.0|1.0
347|8.6|15.5|4.415902140672783|327.0|15.0|599893.0|6.0
348|7.3|180.0|4.578947368421052|76.0|164.5|29483.0|311.0
349|8.5|25.5|4.014409221902017|347.0|11.0|497559.0|14.0
350|5.8|383.5|5.512820512820513|78.0|161.5|19010.0|343.0
351|5.2|415.0|7.818181818181818|22.0|333.0|31842.0|307.0
352|7.1|206.0|4.555555555555555|81.0|155.0|49690.0|258.0
353|5.9|373.5|6.0|17.0|368.0|14931.0|360.0
354|7.3|180.0|7.5|2.0|468.0|10258.0|378.0
355|8.0|97.5|5.72265625|256.0|26.0|196213.0|96.0
356|6.8|246.5|6.0|5.0|452.5|7559.0|391.0
357|7.5|155.5|2.948529411764706|136.0|88.0|75239.0|203.0
358|5.6|395.5|5.407407407407407|27.0|303.5|10365.0|377.0
359|8.2|65.0|13.0|14.0|388.0|38159.0|290.0
360|6.1|350.0|6.071428571428571|14.0|388.0|17504.0|351.0
361|9.0|1.5|5.797297297297297|74.0|167.0|298134.0|50.0
362|8.1|85.0|4.462686567164179|134.0|91.5|138535.0|138.0
363|8.3|48.0|5.809523809523809|84.0|143.0|102830.0|173.0
364|5.9|373.5|4.403846153846154|52.0|216.0|98378.0|178.0
365|5.2|415.0|8.0625|16.0|374.0|3208.0|428.0
366|6.5|295.5|3.1341463414634148|82.0|150.5|223145.0|84.0
367|6.1|350.0|4.174698795180723|166.0|54.0|44683.0|268.0
368|4.8|434.0|4.127659574468085|47.0|232.5|20917.0|336.0
369|8.1|85.0|5.985781990521327|211.0|37.0|303834.0|47.0
370|7.0|222.0|6.276595744680851|47.0|232.5|46807.0|265.0
371|6.4|310.5|5.866666666666666|30.0|289.5|16841.0|352.0
372|7.3|180.0|6.7894736842105265|38.0|264.0|48850.0|259.0
373|6.2|339.0|4.238095238095238|21.0|338.5|19719.0|341.0
374|7.2|193.5|3.289156626506024|83.0|146.0|360758.0|34.0
375|6.8|246.5|8.666666666666666|3.0|464.0|17569.0|350.0
376|7.7|124.5|4.505050505050505|99.0|121.0|199323.0|95.0
377|6.0|362.0|5.15|20.0|345.0|7090.0|394.0
378|6.5|295.5|3.901098901098901|91.0|132.0|39983.0|283.0
379|6.5|295.5|5.456521739130435|46.0|237.0|61186.0|232.0
380|8.5|25.5|10.0|13.0|397.0|187138.0|100.0
381|7.7|124.5|6.90625|32.0|285.0|32323.0|305.0
382|8.1|85.0|5.711111111111111|90.0|133.5|260462.0|68.0
383|5.9|373.5|11.0|6.0|445.5|2577.0|432.0
384|6.1|350.0|6.705882352941177|34.0|281.0|61694.0|229.0
385|4.4|442.5|6.567164179104478|134.0|91.5|76422.0|199.0
386|6.3|325.5|9.5|2.0|468.0|436.0|461.0
387|7.7|124.5|2.7037037037037037|81.0|155.0|102922.0|172.0
388|6.5|295.5|6.161290322580645|62.0|192.5|45331.0|267.0
389|7.5|155.5|6.045454545454546|44.0|245.0|29039.0|313.0
390|7.0|222.0|4.769230769230769|13.0|397.0|19329.0|342.0
391|8.4|37.5|4.127777777777778|180.0|49.0|328891.0|41.0
392|8.5|25.5|7.894736842105263|19.0|351.5|154268.0|125.0
393|6.3|325.5|6.98936170212766|94.0|130.0|45547.0|266.0
394|8.8|6.0|4.150510204081633|392.0|7.0|725746.0|3.0
395|8.9|3.5|5.323741007194244|139.0|85.0|698029.0|5.0
396|5.9|373.5|8.2|5.0|452.5|1630.0|442.0
397|6.3|325.5|7.790123456790123|81.0|155.0|160384.0|122.0
398|6.1|350.0|13.75|8.0|430.5|559.0|459.0
399|7.6|141.0|7.444444444444445|18.0|359.5|63031.0|228.0
400|6.6|276.5|7.98941798941799|189.0|45.0|64793.0|224.0
401|8.7|10.0|4.263736263736264|364.0|9.0|705638.0|4.0
402|6.4|310.5|4.45|60.0|197.5|21357.0|335.0
403|7.3|180.0|6.694915254237288|59.0|202.0|97522.0|180.0
404|6.4|310.5|8.444444444444445|9.0|422.0|7921.0|385.0
405|8.5|25.5|5.0120481927710845|166.0|54.0|273720.0|63.0
406|8.4|37.5|4.711340206185567|97.0|125.0|454539.0|18.0
407|8.1|85.0|5.741071428571429|112.0|108.5|193072.0|97.0
408|5.6|395.5|5.682926829268292|41.0|254.0|13185.0|366.0
409|2.6|469.0|8.5|6.0|445.5|1138.0|448.0
410|7.6|141.0|5.875|16.0|374.0|70152.0|212.0
411|4.4|442.5|8.333333333333334|12.0|403.5|58.0|469.0
412|6.9|234.0|5.132075471698113|53.0|213.5|18997.0|344.0
413|8.2|65.0|12.88888888888889|9.0|422.0|67077.0|220.0
414|4.3|446.0|6.88135593220339|59.0|202.0|10785.0|376.0
415|7.4|166.5|3.331081081081081|148.0|73.0|183544.0|105.0
416|6.6|276.5|6.444444444444445|18.0|359.5|44187.0|270.0
417|6.3|325.5|5.037735849056604|53.0|213.5|63114.0|227.0
418|3.7|459.0|14.0|4.0|458.5|114.0|466.0
419|7.2|193.5|7.407407407407407|54.0|210.5|184259.0|103.0
420|8.1|85.0|5.540425531914893|235.0|28.5|348275.0|36.0
421|8.2|65.0|6.905109489051095|137.0|86.0|161726.0|120.0
422|7.6|141.0|4.0588235294117645|136.0|88.0|183727.0|104.0
423|8.4|37.5|7.083333333333333|24.0|321.5|51252.0|255.0
424|4.8|434.0|5.104347826086957|115.0|106.0|122966.0|150.0
425|8.7|10.0|5.045751633986928|153.0|67.0|445105.0|20.0
426|7.3|180.0|5.178571428571429|28.0|297.0|56394.0|241.0
427|5.9|373.5|11.9|10.0|413.5|6143.0|402.0
428|6.5|295.5|8.777777777777779|9.0|422.0|3863.0|423.0
429|8.2|65.0|5.852564102564102|156.0|65.0|176061.0|108.0
430|7.3|180.0|3.8518518518518516|27.0|303.5|69251.0|215.0
431|8.1|85.0|5.109589041095891|73.0|170.0|233600.0|76.0
432|6.6|276.5|8.1|20.0|345.0|7838.0|386.0
433|7.6|141.0|4.216216216216216|185.0|46.5|477821.0|15.0
434|6.3|325.5|5.361111111111111|72.0|173.0|40405.0|281.0
435|6.1|350.0|8.333333333333334|15.0|380.5|18381.0|349.0
436|5.9|373.5|9.6|15.0|380.5|1597.0|443.0
437|8.3|48.0|4.543478260869565|368.0|8.0|335769.0|38.0
438|8.5|25.5|5.2087542087542085|297.0|19.0|290498.0|54.0
439|7.7|124.5|2.8316831683168315|101.0|118.0|132933.0|145.0
440|7.1|206.0|3.9254658385093166|161.0|58.5|352055.0|35.0
441|6.5|295.5|6.133333333333334|45.0|240.5|18581.0|347.0
442|7.7|124.5|3.710526315789474|152.0|68.0|161517.0|121.0
443|7.2|193.5|6.495412844036697|109.0|112.0|130928.0|148.0
444|6.7|261.0|5.909090909090909|22.0|333.0|33241.0|302.0
445|4.4|442.5|7.733333333333333|30.0|289.5|6109.0|403.0
446|6.2|339.0|9.142857142857142|7.0|438.0|1877.0|441.0
447|6.5|295.5|5.102739726027397|146.0|75.5|75873.0|200.0
448|4.0|453.5|11.571428571428571|7.0|438.0|2568.0|433.0
449|8.3|48.0|5.232876712328767|73.0|170.0|175930.0|109.0
450|8.2|65.0|4.769230769230769|195.0|40.5|466957.0|16.0
451|7.3|180.0|5.36|50.0|221.0|38800.0|287.0
452|6.4|310.5|5.865384615384615|52.0|216.0|33006.0|303.0
453|7.4|166.5|3.83|100.0|119.0|84148.0|192.0
454|6.2|339.0|5.042857142857143|70.0|174.5|59672.0|235.0
455|8.5|25.5|4.205882352941177|340.0|12.0|394096.0|27.0
456|7.2|193.5|5.633333333333334|30.0|289.5|73170.0|208.0
457|6.5|295.5|7.095588235294118|136.0|88.0|221949.0|86.0
458|7.0|222.0|3.8518518518518516|108.0|114.0|65856.0|222.0
459|8.2|65.0|9.44|25.0|313.5|172145.0|112.0
460|7.0|222.0|4.465116279069767|43.0|249.5|68846.0|216.0
461|6.1|350.0|9.166666666666666|24.0|321.5|7646.0|389.0
462|6.6|276.5|9.0|13.0|397.0|6090.0|404.0
463|6.4|310.5|7.7|10.0|413.5|13457.0|365.0
464|7.1|206.0|5.769230769230769|39.0|261.5|57781.0|237.0
465|6.3|325.5|6.031746031746032|63.0|189.5|37596.0|292.0
466|6.0|362.0|5.16|50.0|221.0|52483.0|252.0
467|6.8|246.5|4.082926829268293|205.0|38.0|224440.0|80.0
468|4.0|453.5|10.0|3.0|464.0|173.0|464.0
469|6.3|325.5|6.541666666666667|24.0|321.5|23011.0|331.0
470|5.6|395.5|10.8|10.0|413.5|2203.0|438.0
471|7.5|155.5|4.657894736842105|76.0|164.5|113642.0|161.0
